0.0753892 0.335934 0.098354 0.330372
0.0574264 0.608118 0.528151 0.878401
0.267121 0.55132 0.207483 0.719834
0.0845782 0.914929 0.349109 0.930384
0.376887 0.0563498 0.679071 0.478819
0.149476 0.849237 0.770294 0.525758
0.113959 0.924652 0.281868 0.635914
0.302773 0.865296 0.339204 0.0842124
0.0924063 0.0727391 0.230343 0.81679
0.0775124 0.625381 0.560684 0.540751
0.243922 0.00261285 0.107022 0.23212
0.259988 0.950254 0.955871 0.0937795
0.0755068 0.533054 0.974804 0.0943422
0.189506 0.351417 0.766554 0.98458
0.276981 0.748521 0.993195 0.883101
0.125674 0.303575 0.45311 0.936019
0.0614721 0.968135 0.440498 0.441448
0.15827 0.96486 0.0221514 0.806247
0.131494 0.301908 0.664062 0.0130008
0.0919608 0.851268 0.583274 0.924842
0.057276 0.523657 0.696683 0.311868
0.0635254 0.286823 0.992157 0.194224
0.169254 0.145386 0.0315438 0.990747
0.0666122 0.170661 0.965512 0.967769
0.0625784 0.876276 0.248926 0.439998
0.09074 0.385337 0.253395 0.271374
0.13236 0.506501 0.00844131 0.0409448
0.054485 0.901639 0.697214 0.27192
0.0580715 0.29463 0.961339 0.766068
0.073136 0.486313 0.372962 0.0340996
0.0585847 0.606833 0.641982 0.000103412
0.0822196 0.551742 0.628517 0.673556
0.0501345 0.557653 0.164079 0.33408
0.11863 0.51015 0.469665 0.355261
0.0718459 0.111081 0.329905 0.971961
0.0966624 0.786083 0.505511 0.65253
0.0576766 0.39647 0.0471306 0.995629
0.0525859 0.540212 0.746054 0.793272
0.0789039 0.00161856 0.0757704 0.655696
0.074864 0.508696 0.726959 0.542305
0.0621614 0.088951 0.939631 0.852783
0.0855099 0.777606 0.0416459 0.363118
0.0711751 0.261939 0.327615 0.0638764
0.0613324 0.575176 0.596205 0.133918
0.0664149 0.206096 0.0168621 0.682713
0.0797389 0.152216 0.917886 0.0563282
0.0641019 0.461701 0.960036 0.337853
0.0995068 0.037756 0.374385 0.00992316
0.0735026 0.59134 0.0540832 0.415438
0.0693932 0.26693 0.00211083 0.0961599
0.082703 0.438293 0.861655 0.687433
0.0507857 0.469041 0.564993 0.770483
0.0572879 0.423319 0.919064 0.518837
0.106625 0.54421 0.795486 0.0503451
0.0681378 0.302166 0.0411865 0.523278
0.0657101 0.407552 0.692867 0.177394
0.0613069 0.79186 0.417149 0.500983
0.0963981 0.684351 0.990675 0.386454
0.0503415 0.648134 0.735723 0.650364
0.0651815 0.858461 0.0790368 0.994717
0.0726648 0.764051 0.71124 0.230263
0.114294 0.052024 0.548741 0.975326
0.0524818 0.445348 0.000869192 0.449392
0.0500171 0.599607 0.795094 0.386099
0.0597541 0.642003 0.886865 0.238135
0.0591313 0.353409 0.846196 0.10642
0.142196 0.826612 0.281377 0.154184
0.220246 0.76922 0.932419 0.803756
0.0599598 0.613516 0.693914 0.292219
0.0870755 0.212995 0.798871 0.16132
0.0572779 0.315755 0.575801 0.438539
0.186466 0.163959 0.705729 0.810129
0.0594404 0.00400087 0.67958 0.414282
0.12711 0.699307 0.146456 0.869005
0.067859 0.629817 0.337087 0.785506
0.0735428 0.142303 0.405205 0.170919
0.0500294 0.0409535 0.434064 0.376912
0.203508 0.0971066 0.0162692 0.331356
0.105772 0.0710057 0.906586 0.608124
0.0758945 0.818827 0.632735 0.669463
0.0670732 0.256998 0.336103 0.965795
0.0672427 0.596664 0.985278 0.572704
0.0730776 0.962933 0.623564 0.0443831
0.0670796 0.95475 0.124902 0.422002
0.0943827 0.649022 0.31093 0.605126
0.100452 0.594254 0.834872 0.378351
0.0757771 0.423526 0.968302 0.960094
0.0514749 0.109963 0.313786 0.634597
0.0807993 0.325989 0.227029 0.806703
0.0619697 0.154171 0.388054 0.835659
0.0577842 0.422728 0.62569 0.779439
0.213288 0.107088 0.297435 0.0121084
0.0973264 0.759637 0.0382828 0.168284
0.0829267 0.238418 0.817072 0.398741
0.0844277 0.687499 0.405706 0.33187
0.0832359 0.769517 0.800313 0.389986
0.0854741 0.955253 0.417101 0.970054
0.0590983 0.422042 0.405228 0.0181848
0.0506412 0.42253 0.574386 0.661888
0.0536655 0.908167 0.555724 0.586704
